269.54 1688.53 237.238
-1643.98 -1007.14 13.0174
-1355.27 -677.671 25.5218
11.9063 560.566 176.846
-832.357 -380.176 39.1394
20.0841 525.313 170.228
797.364 2328.29 48.3087
854.093 2200.01 51.6869
815.413 2180.92 52.2726
351.713 2635.55 44.4946
258.639 2608.94 44.942
-3177.58 1286.87 13.6795
-3184.32 1225.73 10.074
-1241.19 -297.404 37.5067
-1104.77 -262.74 38.0775
-1079.56 -263.181 37.7931
-1060.55 -981.531 2.15016
-1015.28 -947.267 3.30045
-1003.52 -955.365 2.15031
138.76 -562.969 43.8914
115.117 -596.593 44.0473
102.897 -662.179 45.0927
